// All times are in miliseconds (ms)
========================================
        Chen's Fast DCT
========================================


========================================
--- Testing 1D DCT: N=4 ---
========================================

Input: [1, 2, 3, 4]
Result:   [3.5355, -1.4142, 0.0000, -0.7071]
Expected: [3.5355 -1.5772 0.0000 -0.1121]

Time Elapsed: 0.579520


========================================
--- Testing 1D DCT: N=8 ---
========================================

Input: [1, 2, 3, 4, 5, 6, 7, 8]

Time Elapsed: 0.373056
Result: 3.1820 -2.8837 2.2500 -0.4291 0.0000 -0.5412 2.2500 -1.3066 
Expected: [6.3640 -3.2212 0.0000 -0.3367 0.0000 -0.1005 -0.0000 -0.0254 ]



========================================
--- Testing 2D DCT: 4x4 ---
========================================
Input matrix:
    1.0   2.0   3.0   4.0 
    5.0   6.0   7.0   8.0 
    9.0  10.0  11.0  12.0 
   13.0  14.0  15.0  16.0 


========================================
        2D DCT: 4x4 matrix
========================================

Output DCT coefficients:
     17.00    -8.00     0.00    -4.00 
     -2.00     0.00     0.00     0.00 
      0.00     0.00     0.00     0.00 
     -1.00     0.00     0.00     0.00 


Time Elapsed: 1.541440

========================================
--- Testing 2D DCT: 8x8 ---
========================================
Input matrix:
    1.0   1.0   1.0   1.0   1.0   1.0   1.0   1.0 
    1.0   1.0   1.0   1.0   1.0   1.0   1.0   1.0 
    1.0   1.0   1.0   1.0   1.0   1.0   1.0   1.0 
    1.0   1.0   1.0   1.0   1.0   1.0   1.0   1.0 
    1.0   1.0   1.0   1.0   1.0   1.0   1.0   1.0 
    1.0   1.0   1.0   1.0   1.0   1.0   1.0   1.0 
    1.0   1.0   1.0   1.0   1.0   1.0   1.0   1.0 
    1.0   1.0   1.0   1.0   1.0   1.0   1.0   1.0 


========================================
        2D DCT: 8x8 matrix
========================================

Output DCT coefficients:
      0.50     0.00     0.35     0.00     0.00     0.00     0.35     0.00 
      0.00     0.00     0.00     0.00     0.00     0.00     0.00     0.00 
      0.35     0.00     0.25     0.00     0.00     0.00     0.25     0.00 
      0.00     0.00     0.00     0.00     0.00     0.00     0.00     0.00 
      0.00     0.00     0.00     0.00     0.00     0.00     0.00     0.00 
      0.00     0.00     0.00     0.00     0.00     0.00     0.00     0.00 
      0.35     0.00     0.25     0.00     0.00     0.00     0.25     0.00 
      0.00     0.00     0.00     0.00     0.00     0.00     0.00     0.00 

Time Elapsed: 4.600288
